NAME	= filled_dem_east_45n
DESCRIPTION	= 
UNIT	= 
DATAFORMAT	= FLOAT
DATAFILE_OFFSET	= 0
BYTEORDER_BIG	= FALSE
TOPTOBOTTOM	= FALSE
POSITION_XMIN	= 298197.7723746389965527
POSITION_YMIN	= 2765027.0417965441010892
CELLCOUNT_X	= 5771
CELLCOUNT_Y	= 6376
CELLSIZE	= 87.4517861482580798
Z_FACTOR	= 1.000000
Z_OFFSET	= 0.000000
NODATA_VALUE	= -99999.000000;-99999.000000
