NAME	= filled_DEM
DESCRIPTION	= 
UNIT	= 
DATAFORMAT	= FLOAT
DATAFILE_OFFSET	= 0
BYTEORDER_BIG	= FALSE
TOPTOBOTTOM	= FALSE
POSITION_XMIN	= -207464.2581552345363889
POSITION_YMIN	= 2764979.1421861937269568
CELLCOUNT_X	= 11961
CELLCOUNT_Y	= 6802
CELLSIZE	= 84.4693015815295922
Z_FACTOR	= 1.000000
Z_OFFSET	= 0.000000
NODATA_VALUE	= -99999.000000;-99999.000000
